version 3
iter 1
routeBox 86400 136800 136800 187200
searchId 1
pin clkbuf_0_clk/A
success 1
dim 176 233 6
centerPt 117720 156602
routeWithJumpers 0
ccBoxIn 8 86 0 89 88 1
ccBoxOut 8 86 0 163 100 1
connComps 171
cc 8 88 1 86400 155215 4
cc 89 86 0 112080 154845 2
cc 89 86 1 112080 154845 4
cc 89 87 1 112080 155030 4
cc 89 88 1 112080 155215 4
cc 88 88 1 111840 155215 4
cc 87 88 1 111600 155215 4
cc 86 88 1 111120 155215 4
cc 85 88 1 110880 155215 4
cc 84 88 1 110640 155215 4
cc 83 88 1 110160 155215 4
cc 82 88 1 109920 155215 4
cc 81 88 1 109680 155215 4
cc 80 88 1 109200 155215 4
cc 79 88 1 108960 155215 4
cc 78 88 1 108720 155215 4
cc 77 88 1 108240 155215 4
cc 76 88 1 108000 155215 4
cc 75 88 1 107760 155215 4
cc 74 88 1 107280 155215 4
cc 73 88 1 107040 155215 4
cc 72 88 1 106800 155215 4
cc 71 88 1 106320 155215 4
cc 70 88 1 106080 155215 4
cc 69 88 1 105840 155215 4
cc 68 88 1 105360 155215 4
cc 67 88 1 105120 155215 4
cc 66 88 1 104880 155215 4
cc 65 88 1 104400 155215 4
cc 64 88 1 104160 155215 4
cc 63 88 1 103920 155215 4
cc 62 88 1 103440 155215 4
cc 61 88 1 103200 155215 4
cc 60 88 1 102960 155215 4
cc 59 88 1 102480 155215 4
cc 58 88 1 102240 155215 4
cc 57 88 1 102000 155215 4
cc 56 88 1 101520 155215 4
cc 55 88 1 101280 155215 4
cc 54 88 1 101040 155215 4
cc 53 88 1 100560 155215 4
cc 52 88 1 100320 155215 4
cc 51 88 1 100080 155215 4
cc 50 88 1 99600 155215 4
cc 49 88 1 99360 155215 4
cc 48 88 1 99120 155215 4
cc 47 88 1 98640 155215 4
cc 46 88 1 98400 155215 4
cc 45 88 1 98160 155215 4
cc 44 88 1 97680 155215 4
cc 43 88 1 97440 155215 4
cc 42 88 1 97200 155215 4
cc 41 88 1 96720 155215 4
cc 40 88 1 96480 155215 4
cc 39 88 1 96240 155215 4
cc 38 88 1 95760 155215 4
cc 37 88 1 95520 155215 4
cc 36 88 1 95280 155215 4
cc 35 88 1 94800 155215 4
cc 34 88 1 94560 155215 4
cc 33 88 1 94320 155215 4
cc 32 88 1 93840 155215 4
cc 31 88 1 93600 155215 4
cc 30 88 1 93360 155215 4
cc 29 88 1 92880 155215 4
cc 28 88 1 92640 155215 4
cc 27 88 1 92400 155215 4
cc 26 88 1 91920 155215 4
cc 25 88 1 91680 155215 4
cc 24 88 1 91440 155215 4
cc 23 88 1 90960 155215 4
cc 22 88 1 90720 155215 4
cc 21 88 1 90480 155215 4
cc 20 88 1 90000 155215 4
cc 19 88 1 89760 155215 4
cc 18 88 1 89520 155215 4
cc 17 88 1 89040 155215 4
cc 16 88 1 88800 155215 4
cc 15 88 1 88560 155215 4
cc 14 88 1 88080 155215 4
cc 13 88 1 87840 155215 4
cc 12 88 1 87600 155215 4
cc 11 88 1 87120 155215 4
cc 10 88 1 86880 155215 4
cc 9 88 1 86640 155215 4
cc 8 88 1 86400 155215 4
cc 9 88 1 86640 155215 4
cc 10 88 1 86880 155215 4
cc 11 88 1 87120 155215 4
cc 12 88 1 87600 155215 4
cc 13 88 1 87840 155215 4
cc 14 88 1 88080 155215 4
cc 15 88 1 88560 155215 4
cc 16 88 1 88800 155215 4
cc 17 88 1 89040 155215 4
cc 18 88 1 89520 155215 4
cc 19 88 1 89760 155215 4
cc 20 88 1 90000 155215 4
cc 21 88 1 90480 155215 4
cc 22 88 1 90720 155215 4
cc 23 88 1 90960 155215 4
cc 24 88 1 91440 155215 4
cc 25 88 1 91680 155215 4
cc 26 88 1 91920 155215 4
cc 27 88 1 92400 155215 4
cc 28 88 1 92640 155215 4
cc 29 88 1 92880 155215 4
cc 30 88 1 93360 155215 4
cc 31 88 1 93600 155215 4
cc 32 88 1 93840 155215 4
cc 33 88 1 94320 155215 4
cc 34 88 1 94560 155215 4
cc 35 88 1 94800 155215 4
cc 36 88 1 95280 155215 4
cc 37 88 1 95520 155215 4
cc 38 88 1 95760 155215 4
cc 39 88 1 96240 155215 4
cc 40 88 1 96480 155215 4
cc 41 88 1 96720 155215 4
cc 42 88 1 97200 155215 4
cc 43 88 1 97440 155215 4
cc 44 88 1 97680 155215 4
cc 45 88 1 98160 155215 4
cc 46 88 1 98400 155215 4
cc 47 88 1 98640 155215 4
cc 48 88 1 99120 155215 4
cc 49 88 1 99360 155215 4
cc 50 88 1 99600 155215 4
cc 51 88 1 100080 155215 4
cc 52 88 1 100320 155215 4
cc 53 88 1 100560 155215 4
cc 54 88 1 101040 155215 4
cc 55 88 1 101280 155215 4
cc 56 88 1 101520 155215 4
cc 57 88 1 102000 155215 4
cc 58 88 1 102240 155215 4
cc 59 88 1 102480 155215 4
cc 60 88 1 102960 155215 4
cc 61 88 1 103200 155215 4
cc 62 88 1 103440 155215 4
cc 63 88 1 103920 155215 4
cc 64 88 1 104160 155215 4
cc 65 88 1 104400 155215 4
cc 66 88 1 104880 155215 4
cc 67 88 1 105120 155215 4
cc 68 88 1 105360 155215 4
cc 69 88 1 105840 155215 4
cc 70 88 1 106080 155215 4
cc 71 88 1 106320 155215 4
cc 72 88 1 106800 155215 4
cc 73 88 1 107040 155215 4
cc 74 88 1 107280 155215 4
cc 75 88 1 107760 155215 4
cc 76 88 1 108000 155215 4
cc 77 88 1 108240 155215 4
cc 78 88 1 108720 155215 4
cc 79 88 1 108960 155215 4
cc 80 88 1 109200 155215 4
cc 81 88 1 109680 155215 4
cc 82 88 1 109920 155215 4
cc 83 88 1 110160 155215 4
cc 84 88 1 110640 155215 4
cc 85 88 1 110880 155215 4
cc 86 88 1 111120 155215 4
cc 87 88 1 111600 155215 4
cc 88 88 1 111840 155215 4
cc 89 86 1 112080 154845 4
cc 89 87 1 112080 155030 4
cc 89 88 1 112080 155215 4
cc 90 86 0 112320 154845 2
cc 91 86 0 112560 154845 2
srcs 87
src 89 86 0 112080 154845 2
src 90 86 0 112320 154845 2
src 91 86 0 112560 154845 2
src 89 86 1 112080 154845 4
src 89 87 1 112080 155030 4
src 8 88 1 86400 155215 4
src 9 88 1 86640 155215 4
src 10 88 1 86880 155215 4
src 11 88 1 87120 155215 4
src 12 88 1 87600 155215 4
src 13 88 1 87840 155215 4
src 14 88 1 88080 155215 4
src 15 88 1 88560 155215 4
src 16 88 1 88800 155215 4
src 17 88 1 89040 155215 4
src 18 88 1 89520 155215 4
src 19 88 1 89760 155215 4
src 20 88 1 90000 155215 4
src 21 88 1 90480 155215 4
src 22 88 1 90720 155215 4
src 23 88 1 90960 155215 4
src 24 88 1 91440 155215 4
src 25 88 1 91680 155215 4
src 26 88 1 91920 155215 4
src 27 88 1 92400 155215 4
src 28 88 1 92640 155215 4
src 29 88 1 92880 155215 4
src 30 88 1 93360 155215 4
src 31 88 1 93600 155215 4
src 32 88 1 93840 155215 4
src 33 88 1 94320 155215 4
src 34 88 1 94560 155215 4
src 35 88 1 94800 155215 4
src 36 88 1 95280 155215 4
src 37 88 1 95520 155215 4
src 38 88 1 95760 155215 4
src 39 88 1 96240 155215 4
src 40 88 1 96480 155215 4
src 41 88 1 96720 155215 4
src 42 88 1 97200 155215 4
src 43 88 1 97440 155215 4
src 44 88 1 97680 155215 4
src 45 88 1 98160 155215 4
src 46 88 1 98400 155215 4
src 47 88 1 98640 155215 4
src 48 88 1 99120 155215 4
src 49 88 1 99360 155215 4
src 50 88 1 99600 155215 4
src 51 88 1 100080 155215 4
src 52 88 1 100320 155215 4
src 53 88 1 100560 155215 4
src 54 88 1 101040 155215 4
src 55 88 1 101280 155215 4
src 56 88 1 101520 155215 4
src 57 88 1 102000 155215 4
src 58 88 1 102240 155215 4
src 59 88 1 102480 155215 4
src 60 88 1 102960 155215 4
src 61 88 1 103200 155215 4
src 62 88 1 103440 155215 4
src 63 88 1 103920 155215 4
src 64 88 1 104160 155215 4
src 65 88 1 104400 155215 4
src 66 88 1 104880 155215 4
src 67 88 1 105120 155215 4
src 68 88 1 105360 155215 4
src 69 88 1 105840 155215 4
src 70 88 1 106080 155215 4
src 71 88 1 106320 155215 4
src 72 88 1 106800 155215 4
src 73 88 1 107040 155215 4
src 74 88 1 107280 155215 4
src 75 88 1 107760 155215 4
src 76 88 1 108000 155215 4
src 77 88 1 108240 155215 4
src 78 88 1 108720 155215 4
src 79 88 1 108960 155215 4
src 80 88 1 109200 155215 4
src 81 88 1 109680 155215 4
src 82 88 1 109920 155215 4
src 83 88 1 110160 155215 4
src 84 88 1 110640 155215 4
src 85 88 1 110880 155215 4
src 86 88 1 111120 155215 4
src 87 88 1 111600 155215 4
src 88 88 1 111840 155215 4
src 89 88 1 112080 155215 4
dsts 4
dst 163 100 0 135600 158175 2
dst 164 100 0 135840 158175 2
dst 165 100 0 136080 158175 2
dst 167 100 1 136800 158175 4
path 6
p 163 100 0 135600 158175 2
p 163 100 1 135600 158175 4
p 162 100 1 135120 158175 4
p 162 91 1 135120 155955 4
p 89 91 1 112080 155955 4
p 89 88 1 112080 155215 4
