version 3
iter 1
routeBox 136800 136800 187200 187200
searchId 0
pin clkbuf_2_3__f_clk/A
success 1
dim 174 233 6
centerPt 142080 153735
routeWithJumpers 0
ccBoxIn 34 44 0 36 44 0
ccBoxOut 33 44 0 36 100 2
connComps 3
cc 34 44 0 145200 144855 2
cc 36 44 0 145680 144855 2
cc 35 44 0 145440 144855 2
srcs 3
src 34 44 0 145200 144855 2
src 35 44 0 145440 144855 2
src 36 44 0 145680 144855 2
dsts 4
dst 31 100 0 144240 158175 2
dst 32 100 0 144480 158175 2
dst 33 100 0 144720 158175 2
dst 8 100 1 136800 158175 4
path 6
p 33 100 0 144720 158175 2
p 33 100 1 144720 158175 4
p 34 100 1 145200 158175 4
p 34 100 2 145200 158175 6
p 34 44 2 145200 144855 6
p 34 44 0 145200 144855 2
