version 3
iter 0
routeBox 100800 151200 151200 201600
searchId 0
pin clkbuf_2_1__f_clk/A
success 1
dim 174 233 6
centerPt 127584 155522
routeWithJumpers 0
ccBoxIn 7 28 1 7 28 1
ccBoxOut 7 26 0 43 28 1
connComps 1
cc 7 28 1 100800 155215 4
srcs 1
src 7 28 1 100800 155215 4
dsts 10
dst 43 26 0 112080 154845 2
dst 44 26 0 112320 154845 2
dst 45 26 0 112560 154845 2
dst 117 40 0 135600 158175 2
dst 118 40 0 135840 158175 2
dst 119 40 0 136080 158175 2
dst 144 40 0 144240 158175 2
dst 145 40 0 144480 158175 2
dst 146 40 0 144720 158175 2
dst 147 10 2 145200 151200 6
path 4
p 43 26 0 112080 154845 2
p 43 26 1 112080 154845 4
p 43 28 1 112080 155215 4
p 7 28 1 100800 155215 4
