version 3
iter 1
routeBox 86400 136800 136800 187200
searchId 2
pin 
success 1
dim 176 233 6
centerPt 117720 156602
routeWithJumpers 0
ccBoxIn 8 86 0 163 100 1
ccBoxOut 8 86 0 167 100 1
connComps 347
cc 8 88 1 86400 155215 4
cc 89 86 0 112080 154845 2
cc 89 86 1 112080 154845 4
cc 89 87 1 112080 155030 4
cc 89 88 1 112080 155215 4
cc 88 88 1 111840 155215 4
cc 87 88 1 111600 155215 4
cc 86 88 1 111120 155215 4
cc 85 88 1 110880 155215 4
cc 84 88 1 110640 155215 4
cc 83 88 1 110160 155215 4
cc 82 88 1 109920 155215 4
cc 81 88 1 109680 155215 4
cc 80 88 1 109200 155215 4
cc 79 88 1 108960 155215 4
cc 78 88 1 108720 155215 4
cc 77 88 1 108240 155215 4
cc 76 88 1 108000 155215 4
cc 75 88 1 107760 155215 4
cc 74 88 1 107280 155215 4
cc 73 88 1 107040 155215 4
cc 72 88 1 106800 155215 4
cc 71 88 1 106320 155215 4
cc 70 88 1 106080 155215 4
cc 69 88 1 105840 155215 4
cc 68 88 1 105360 155215 4
cc 67 88 1 105120 155215 4
cc 66 88 1 104880 155215 4
cc 65 88 1 104400 155215 4
cc 64 88 1 104160 155215 4
cc 63 88 1 103920 155215 4
cc 62 88 1 103440 155215 4
cc 61 88 1 103200 155215 4
cc 60 88 1 102960 155215 4
cc 59 88 1 102480 155215 4
cc 58 88 1 102240 155215 4
cc 57 88 1 102000 155215 4
cc 56 88 1 101520 155215 4
cc 55 88 1 101280 155215 4
cc 54 88 1 101040 155215 4
cc 53 88 1 100560 155215 4
cc 52 88 1 100320 155215 4
cc 51 88 1 100080 155215 4
cc 50 88 1 99600 155215 4
cc 49 88 1 99360 155215 4
cc 48 88 1 99120 155215 4
cc 47 88 1 98640 155215 4
cc 46 88 1 98400 155215 4
cc 45 88 1 98160 155215 4
cc 44 88 1 97680 155215 4
cc 43 88 1 97440 155215 4
cc 42 88 1 97200 155215 4
cc 41 88 1 96720 155215 4
cc 40 88 1 96480 155215 4
cc 39 88 1 96240 155215 4
cc 38 88 1 95760 155215 4
cc 37 88 1 95520 155215 4
cc 36 88 1 95280 155215 4
cc 35 88 1 94800 155215 4
cc 34 88 1 94560 155215 4
cc 33 88 1 94320 155215 4
cc 32 88 1 93840 155215 4
cc 31 88 1 93600 155215 4
cc 30 88 1 93360 155215 4
cc 29 88 1 92880 155215 4
cc 28 88 1 92640 155215 4
cc 27 88 1 92400 155215 4
cc 26 88 1 91920 155215 4
cc 25 88 1 91680 155215 4
cc 24 88 1 91440 155215 4
cc 23 88 1 90960 155215 4
cc 22 88 1 90720 155215 4
cc 21 88 1 90480 155215 4
cc 20 88 1 90000 155215 4
cc 19 88 1 89760 155215 4
cc 18 88 1 89520 155215 4
cc 17 88 1 89040 155215 4
cc 16 88 1 88800 155215 4
cc 15 88 1 88560 155215 4
cc 14 88 1 88080 155215 4
cc 13 88 1 87840 155215 4
cc 12 88 1 87600 155215 4
cc 11 88 1 87120 155215 4
cc 10 88 1 86880 155215 4
cc 9 88 1 86640 155215 4
cc 8 88 1 86400 155215 4
cc 9 88 1 86640 155215 4
cc 10 88 1 86880 155215 4
cc 11 88 1 87120 155215 4
cc 12 88 1 87600 155215 4
cc 13 88 1 87840 155215 4
cc 14 88 1 88080 155215 4
cc 15 88 1 88560 155215 4
cc 16 88 1 88800 155215 4
cc 17 88 1 89040 155215 4
cc 18 88 1 89520 155215 4
cc 19 88 1 89760 155215 4
cc 20 88 1 90000 155215 4
cc 21 88 1 90480 155215 4
cc 22 88 1 90720 155215 4
cc 23 88 1 90960 155215 4
cc 24 88 1 91440 155215 4
cc 25 88 1 91680 155215 4
cc 26 88 1 91920 155215 4
cc 27 88 1 92400 155215 4
cc 28 88 1 92640 155215 4
cc 29 88 1 92880 155215 4
cc 30 88 1 93360 155215 4
cc 31 88 1 93600 155215 4
cc 32 88 1 93840 155215 4
cc 33 88 1 94320 155215 4
cc 34 88 1 94560 155215 4
cc 35 88 1 94800 155215 4
cc 36 88 1 95280 155215 4
cc 37 88 1 95520 155215 4
cc 38 88 1 95760 155215 4
cc 39 88 1 96240 155215 4
cc 40 88 1 96480 155215 4
cc 41 88 1 96720 155215 4
cc 42 88 1 97200 155215 4
cc 43 88 1 97440 155215 4
cc 44 88 1 97680 155215 4
cc 45 88 1 98160 155215 4
cc 46 88 1 98400 155215 4
cc 47 88 1 98640 155215 4
cc 48 88 1 99120 155215 4
cc 49 88 1 99360 155215 4
cc 50 88 1 99600 155215 4
cc 51 88 1 100080 155215 4
cc 52 88 1 100320 155215 4
cc 53 88 1 100560 155215 4
cc 54 88 1 101040 155215 4
cc 55 88 1 101280 155215 4
cc 56 88 1 101520 155215 4
cc 57 88 1 102000 155215 4
cc 58 88 1 102240 155215 4
cc 59 88 1 102480 155215 4
cc 60 88 1 102960 155215 4
cc 61 88 1 103200 155215 4
cc 62 88 1 103440 155215 4
cc 63 88 1 103920 155215 4
cc 64 88 1 104160 155215 4
cc 65 88 1 104400 155215 4
cc 66 88 1 104880 155215 4
cc 67 88 1 105120 155215 4
cc 68 88 1 105360 155215 4
cc 69 88 1 105840 155215 4
cc 70 88 1 106080 155215 4
cc 71 88 1 106320 155215 4
cc 72 88 1 106800 155215 4
cc 73 88 1 107040 155215 4
cc 74 88 1 107280 155215 4
cc 75 88 1 107760 155215 4
cc 76 88 1 108000 155215 4
cc 77 88 1 108240 155215 4
cc 78 88 1 108720 155215 4
cc 79 88 1 108960 155215 4
cc 80 88 1 109200 155215 4
cc 81 88 1 109680 155215 4
cc 82 88 1 109920 155215 4
cc 83 88 1 110160 155215 4
cc 84 88 1 110640 155215 4
cc 85 88 1 110880 155215 4
cc 86 88 1 111120 155215 4
cc 87 88 1 111600 155215 4
cc 88 88 1 111840 155215 4
cc 89 86 1 112080 154845 4
cc 89 87 1 112080 155030 4
cc 89 88 1 112080 155215 4
cc 90 86 0 112320 154845 2
cc 91 86 0 112560 154845 2
cc 163 100 0 135600 158175 2
cc 163 100 1 135600 158175 4
cc 162 100 1 135120 158175 4
cc 162 99 1 135120 157990 4
cc 162 98 1 135120 157805 4
cc 162 97 1 135120 157435 4
cc 162 96 1 135120 157250 4
cc 162 95 1 135120 157065 4
cc 162 94 1 135120 156695 4
cc 162 93 1 135120 156510 4
cc 162 92 1 135120 156325 4
cc 162 91 1 135120 155955 4
cc 161 91 1 134880 155955 4
cc 160 91 1 134640 155955 4
cc 159 91 1 134160 155955 4
cc 158 91 1 133920 155955 4
cc 157 91 1 133680 155955 4
cc 156 91 1 133200 155955 4
cc 155 91 1 132960 155955 4
cc 154 91 1 132720 155955 4
cc 153 91 1 132240 155955 4
cc 152 91 1 132000 155955 4
cc 151 91 1 131760 155955 4
cc 150 91 1 131280 155955 4
cc 149 91 1 131040 155955 4
cc 148 91 1 130800 155955 4
cc 147 91 1 130320 155955 4
cc 146 91 1 130080 155955 4
cc 145 91 1 129840 155955 4
cc 144 91 1 129360 155955 4
cc 143 91 1 129120 155955 4
cc 142 91 1 128880 155955 4
cc 141 91 1 128400 155955 4
cc 140 91 1 128160 155955 4
cc 139 91 1 127920 155955 4
cc 138 91 1 127440 155955 4
cc 137 91 1 127200 155955 4
cc 136 91 1 126960 155955 4
cc 135 91 1 126480 155955 4
cc 134 91 1 126240 155955 4
cc 133 91 1 126000 155955 4
cc 132 91 1 125520 155955 4
cc 131 91 1 125280 155955 4
cc 130 91 1 125040 155955 4
cc 129 91 1 124560 155955 4
cc 128 91 1 124320 155955 4
cc 127 91 1 124080 155955 4
cc 126 91 1 123600 155955 4
cc 125 91 1 123360 155955 4
cc 124 91 1 123120 155955 4
cc 123 91 1 122640 155955 4
cc 122 91 1 122400 155955 4
cc 121 91 1 122160 155955 4
cc 120 91 1 121680 155955 4
cc 119 91 1 121440 155955 4
cc 118 91 1 121200 155955 4
cc 117 91 1 120720 155955 4
cc 116 91 1 120480 155955 4
cc 115 91 1 120240 155955 4
cc 114 91 1 119760 155955 4
cc 113 91 1 119520 155955 4
cc 112 91 1 119280 155955 4
cc 111 91 1 118800 155955 4
cc 110 91 1 118560 155955 4
cc 109 91 1 118320 155955 4
cc 108 91 1 117840 155955 4
cc 107 91 1 117600 155955 4
cc 106 91 1 117360 155955 4
cc 105 91 1 116880 155955 4
cc 104 91 1 116640 155955 4
cc 103 91 1 116400 155955 4
cc 102 91 1 115920 155955 4
cc 101 91 1 115680 155955 4
cc 100 91 1 115440 155955 4
cc 99 91 1 114960 155955 4
cc 98 91 1 114720 155955 4
cc 97 91 1 114480 155955 4
cc 96 91 1 114000 155955 4
cc 95 91 1 113760 155955 4
cc 94 91 1 113520 155955 4
cc 93 91 1 113040 155955 4
cc 92 91 1 112800 155955 4
cc 91 91 1 112560 155955 4
cc 90 91 1 112320 155955 4
cc 89 91 1 112080 155955 4
cc 89 90 1 112080 155770 4
cc 89 89 1 112080 155585 4
cc 89 88 1 112080 155215 4
cc 89 89 1 112080 155585 4
cc 89 90 1 112080 155770 4
cc 89 91 1 112080 155955 4
cc 90 91 1 112320 155955 4
cc 91 91 1 112560 155955 4
cc 92 91 1 112800 155955 4
cc 93 91 1 113040 155955 4
cc 94 91 1 113520 155955 4
cc 95 91 1 113760 155955 4
cc 96 91 1 114000 155955 4
cc 97 91 1 114480 155955 4
cc 98 91 1 114720 155955 4
cc 99 91 1 114960 155955 4
cc 100 91 1 115440 155955 4
cc 101 91 1 115680 155955 4
cc 102 91 1 115920 155955 4
cc 103 91 1 116400 155955 4
cc 104 91 1 116640 155955 4
cc 105 91 1 116880 155955 4
cc 106 91 1 117360 155955 4
cc 107 91 1 117600 155955 4
cc 108 91 1 117840 155955 4
cc 109 91 1 118320 155955 4
cc 110 91 1 118560 155955 4
cc 111 91 1 118800 155955 4
cc 112 91 1 119280 155955 4
cc 113 91 1 119520 155955 4
cc 114 91 1 119760 155955 4
cc 115 91 1 120240 155955 4
cc 116 91 1 120480 155955 4
cc 117 91 1 120720 155955 4
cc 118 91 1 121200 155955 4
cc 119 91 1 121440 155955 4
cc 120 91 1 121680 155955 4
cc 121 91 1 122160 155955 4
cc 122 91 1 122400 155955 4
cc 123 91 1 122640 155955 4
cc 124 91 1 123120 155955 4
cc 125 91 1 123360 155955 4
cc 126 91 1 123600 155955 4
cc 127 91 1 124080 155955 4
cc 128 91 1 124320 155955 4
cc 129 91 1 124560 155955 4
cc 130 91 1 125040 155955 4
cc 131 91 1 125280 155955 4
cc 132 91 1 125520 155955 4
cc 133 91 1 126000 155955 4
cc 134 91 1 126240 155955 4
cc 135 91 1 126480 155955 4
cc 136 91 1 126960 155955 4
cc 137 91 1 127200 155955 4
cc 138 91 1 127440 155955 4
cc 139 91 1 127920 155955 4
cc 140 91 1 128160 155955 4
cc 141 91 1 128400 155955 4
cc 142 91 1 128880 155955 4
cc 143 91 1 129120 155955 4
cc 144 91 1 129360 155955 4
cc 145 91 1 129840 155955 4
cc 146 91 1 130080 155955 4
cc 147 91 1 130320 155955 4
cc 148 91 1 130800 155955 4
cc 149 91 1 131040 155955 4
cc 150 91 1 131280 155955 4
cc 151 91 1 131760 155955 4
cc 152 91 1 132000 155955 4
cc 153 91 1 132240 155955 4
cc 154 91 1 132720 155955 4
cc 155 91 1 132960 155955 4
cc 156 91 1 133200 155955 4
cc 157 91 1 133680 155955 4
cc 158 91 1 133920 155955 4
cc 159 91 1 134160 155955 4
cc 160 91 1 134640 155955 4
cc 161 91 1 134880 155955 4
cc 162 91 1 135120 155955 4
cc 162 92 1 135120 156325 4
cc 162 93 1 135120 156510 4
cc 162 94 1 135120 156695 4
cc 162 95 1 135120 157065 4
cc 162 96 1 135120 157250 4
cc 162 97 1 135120 157435 4
cc 162 98 1 135120 157805 4
cc 162 99 1 135120 157990 4
cc 162 100 1 135120 158175 4
cc 163 100 1 135600 158175 4
cc 164 100 0 135840 158175 2
cc 165 100 0 136080 158175 2
srcs 176
src 89 86 0 112080 154845 2
src 90 86 0 112320 154845 2
src 91 86 0 112560 154845 2
src 163 100 0 135600 158175 2
src 164 100 0 135840 158175 2
src 165 100 0 136080 158175 2
src 89 86 1 112080 154845 4
src 89 87 1 112080 155030 4
src 8 88 1 86400 155215 4
src 9 88 1 86640 155215 4
src 10 88 1 86880 155215 4
src 11 88 1 87120 155215 4
src 12 88 1 87600 155215 4
src 13 88 1 87840 155215 4
src 14 88 1 88080 155215 4
src 15 88 1 88560 155215 4
src 16 88 1 88800 155215 4
src 17 88 1 89040 155215 4
src 18 88 1 89520 155215 4
src 19 88 1 89760 155215 4
src 20 88 1 90000 155215 4
src 21 88 1 90480 155215 4
src 22 88 1 90720 155215 4
src 23 88 1 90960 155215 4
src 24 88 1 91440 155215 4
src 25 88 1 91680 155215 4
src 26 88 1 91920 155215 4
src 27 88 1 92400 155215 4
src 28 88 1 92640 155215 4
src 29 88 1 92880 155215 4
src 30 88 1 93360 155215 4
src 31 88 1 93600 155215 4
src 32 88 1 93840 155215 4
src 33 88 1 94320 155215 4
src 34 88 1 94560 155215 4
src 35 88 1 94800 155215 4
src 36 88 1 95280 155215 4
src 37 88 1 95520 155215 4
src 38 88 1 95760 155215 4
src 39 88 1 96240 155215 4
src 40 88 1 96480 155215 4
src 41 88 1 96720 155215 4
src 42 88 1 97200 155215 4
src 43 88 1 97440 155215 4
src 44 88 1 97680 155215 4
src 45 88 1 98160 155215 4
src 46 88 1 98400 155215 4
src 47 88 1 98640 155215 4
src 48 88 1 99120 155215 4
src 49 88 1 99360 155215 4
src 50 88 1 99600 155215 4
src 51 88 1 100080 155215 4
src 52 88 1 100320 155215 4
src 53 88 1 100560 155215 4
src 54 88 1 101040 155215 4
src 55 88 1 101280 155215 4
src 56 88 1 101520 155215 4
src 57 88 1 102000 155215 4
src 58 88 1 102240 155215 4
src 59 88 1 102480 155215 4
src 60 88 1 102960 155215 4
src 61 88 1 103200 155215 4
src 62 88 1 103440 155215 4
src 63 88 1 103920 155215 4
src 64 88 1 104160 155215 4
src 65 88 1 104400 155215 4
src 66 88 1 104880 155215 4
src 67 88 1 105120 155215 4
src 68 88 1 105360 155215 4
src 69 88 1 105840 155215 4
src 70 88 1 106080 155215 4
src 71 88 1 106320 155215 4
src 72 88 1 106800 155215 4
src 73 88 1 107040 155215 4
src 74 88 1 107280 155215 4
src 75 88 1 107760 155215 4
src 76 88 1 108000 155215 4
src 77 88 1 108240 155215 4
src 78 88 1 108720 155215 4
src 79 88 1 108960 155215 4
src 80 88 1 109200 155215 4
src 81 88 1 109680 155215 4
src 82 88 1 109920 155215 4
src 83 88 1 110160 155215 4
src 84 88 1 110640 155215 4
src 85 88 1 110880 155215 4
src 86 88 1 111120 155215 4
src 87 88 1 111600 155215 4
src 88 88 1 111840 155215 4
src 89 88 1 112080 155215 4
src 89 89 1 112080 155585 4
src 89 90 1 112080 155770 4
src 89 91 1 112080 155955 4
src 90 91 1 112320 155955 4
src 91 91 1 112560 155955 4
src 92 91 1 112800 155955 4
src 93 91 1 113040 155955 4
src 94 91 1 113520 155955 4
src 95 91 1 113760 155955 4
src 96 91 1 114000 155955 4
src 97 91 1 114480 155955 4
src 98 91 1 114720 155955 4
src 99 91 1 114960 155955 4
src 100 91 1 115440 155955 4
src 101 91 1 115680 155955 4
src 102 91 1 115920 155955 4
src 103 91 1 116400 155955 4
src 104 91 1 116640 155955 4
src 105 91 1 116880 155955 4
src 106 91 1 117360 155955 4
src 107 91 1 117600 155955 4
src 108 91 1 117840 155955 4
src 109 91 1 118320 155955 4
src 110 91 1 118560 155955 4
src 111 91 1 118800 155955 4
src 112 91 1 119280 155955 4
src 113 91 1 119520 155955 4
src 114 91 1 119760 155955 4
src 115 91 1 120240 155955 4
src 116 91 1 120480 155955 4
src 117 91 1 120720 155955 4
src 118 91 1 121200 155955 4
src 119 91 1 121440 155955 4
src 120 91 1 121680 155955 4
src 121 91 1 122160 155955 4
src 122 91 1 122400 155955 4
src 123 91 1 122640 155955 4
src 124 91 1 123120 155955 4
src 125 91 1 123360 155955 4
src 126 91 1 123600 155955 4
src 127 91 1 124080 155955 4
src 128 91 1 124320 155955 4
src 129 91 1 124560 155955 4
src 130 91 1 125040 155955 4
src 131 91 1 125280 155955 4
src 132 91 1 125520 155955 4
src 133 91 1 126000 155955 4
src 134 91 1 126240 155955 4
src 135 91 1 126480 155955 4
src 136 91 1 126960 155955 4
src 137 91 1 127200 155955 4
src 138 91 1 127440 155955 4
src 139 91 1 127920 155955 4
src 140 91 1 128160 155955 4
src 141 91 1 128400 155955 4
src 142 91 1 128880 155955 4
src 143 91 1 129120 155955 4
src 144 91 1 129360 155955 4
src 145 91 1 129840 155955 4
src 146 91 1 130080 155955 4
src 147 91 1 130320 155955 4
src 148 91 1 130800 155955 4
src 149 91 1 131040 155955 4
src 150 91 1 131280 155955 4
src 151 91 1 131760 155955 4
src 152 91 1 132000 155955 4
src 153 91 1 132240 155955 4
src 154 91 1 132720 155955 4
src 155 91 1 132960 155955 4
src 156 91 1 133200 155955 4
src 157 91 1 133680 155955 4
src 158 91 1 133920 155955 4
src 159 91 1 134160 155955 4
src 160 91 1 134640 155955 4
src 161 91 1 134880 155955 4
src 162 91 1 135120 155955 4
src 162 92 1 135120 156325 4
src 162 93 1 135120 156510 4
src 162 94 1 135120 156695 4
src 162 95 1 135120 157065 4
src 162 96 1 135120 157250 4
src 162 97 1 135120 157435 4
src 162 98 1 135120 157805 4
src 162 99 1 135120 157990 4
src 162 100 1 135120 158175 4
src 163 100 1 135600 158175 4
dsts 1
dst 167 100 1 136800 158175 4
path 2
p 167 100 1 136800 158175 4
p 163 100 1 135600 158175 4
