version 3
iter 1
routeBox 86400 136800 136800 187200
searchId 0
pin clkbuf_2_1__f_clk/A
success 1
dim 176 233 6
centerPt 117720 156602
routeWithJumpers 0
ccBoxIn 8 88 1 8 88 1
ccBoxOut 8 86 0 89 88 1
connComps 1
cc 8 88 1 86400 155215 4
srcs 1
src 8 88 1 86400 155215 4
dsts 7
dst 89 86 0 112080 154845 2
dst 90 86 0 112320 154845 2
dst 91 86 0 112560 154845 2
dst 163 100 0 135600 158175 2
dst 164 100 0 135840 158175 2
dst 165 100 0 136080 158175 2
dst 167 100 1 136800 158175 4
path 4
p 89 86 0 112080 154845 2
p 89 86 1 112080 154845 4
p 89 88 1 112080 155215 4
p 8 88 1 86400 155215 4
