version 3
iter 0
routeBox 100800 100800 151200 151200
searchId 0
pin 
success 1
dim 173 232 6
centerPt 145200 148027
routeWithJumpers 0
ccBoxIn 146 194 0 148 194 0
ccBoxOut 146 194 0 148 221 2
connComps 3
cc 146 194 0 145200 144855 2
cc 148 194 0 145680 144855 2
cc 147 194 0 145440 144855 2
srcs 3
src 146 194 0 145200 144855 2
src 147 194 0 145440 144855 2
src 148 194 0 145680 144855 2
dsts 1
dst 146 221 2 145200 151200 6
path 3
p 146 221 2 145200 151200 6
p 146 194 2 145200 144855 6
p 146 194 0 145200 144855 2
