version 3
iter 0
routeBox 100800 151200 151200 201600
searchId 1
pin clkbuf_0_clk/A
success 1
dim 174 233 6
centerPt 127584 155522
routeWithJumpers 0
ccBoxIn 7 26 0 43 28 1
ccBoxOut 7 26 0 117 40 1
connComps 81
cc 7 28 1 100800 155215 4
cc 43 26 0 112080 154845 2
cc 43 26 1 112080 154845 4
cc 43 27 1 112080 155030 4
cc 43 28 1 112080 155215 4
cc 42 28 1 111840 155215 4
cc 41 28 1 111600 155215 4
cc 40 28 1 111120 155215 4
cc 39 28 1 110880 155215 4
cc 38 28 1 110640 155215 4
cc 37 28 1 110160 155215 4
cc 36 28 1 109920 155215 4
cc 35 28 1 109680 155215 4
cc 34 28 1 109200 155215 4
cc 33 28 1 108960 155215 4
cc 32 28 1 108720 155215 4
cc 31 28 1 108240 155215 4
cc 30 28 1 108000 155215 4
cc 29 28 1 107760 155215 4
cc 28 28 1 107280 155215 4
cc 27 28 1 107040 155215 4
cc 26 28 1 106800 155215 4
cc 25 28 1 106320 155215 4
cc 24 28 1 106080 155215 4
cc 23 28 1 105840 155215 4
cc 22 28 1 105360 155215 4
cc 21 28 1 105120 155215 4
cc 20 28 1 104880 155215 4
cc 19 28 1 104400 155215 4
cc 18 28 1 104160 155215 4
cc 17 28 1 103920 155215 4
cc 16 28 1 103440 155215 4
cc 15 28 1 103200 155215 4
cc 14 28 1 102960 155215 4
cc 13 28 1 102480 155215 4
cc 12 28 1 102240 155215 4
cc 11 28 1 102000 155215 4
cc 10 28 1 101520 155215 4
cc 9 28 1 101280 155215 4
cc 8 28 1 101040 155215 4
cc 7 28 1 100800 155215 4
cc 8 28 1 101040 155215 4
cc 9 28 1 101280 155215 4
cc 10 28 1 101520 155215 4
cc 11 28 1 102000 155215 4
cc 12 28 1 102240 155215 4
cc 13 28 1 102480 155215 4
cc 14 28 1 102960 155215 4
cc 15 28 1 103200 155215 4
cc 16 28 1 103440 155215 4
cc 17 28 1 103920 155215 4
cc 18 28 1 104160 155215 4
cc 19 28 1 104400 155215 4
cc 20 28 1 104880 155215 4
cc 21 28 1 105120 155215 4
cc 22 28 1 105360 155215 4
cc 23 28 1 105840 155215 4
cc 24 28 1 106080 155215 4
cc 25 28 1 106320 155215 4
cc 26 28 1 106800 155215 4
cc 27 28 1 107040 155215 4
cc 28 28 1 107280 155215 4
cc 29 28 1 107760 155215 4
cc 30 28 1 108000 155215 4
cc 31 28 1 108240 155215 4
cc 32 28 1 108720 155215 4
cc 33 28 1 108960 155215 4
cc 34 28 1 109200 155215 4
cc 35 28 1 109680 155215 4
cc 36 28 1 109920 155215 4
cc 37 28 1 110160 155215 4
cc 38 28 1 110640 155215 4
cc 39 28 1 110880 155215 4
cc 40 28 1 111120 155215 4
cc 41 28 1 111600 155215 4
cc 42 28 1 111840 155215 4
cc 43 26 1 112080 154845 4
cc 43 27 1 112080 155030 4
cc 43 28 1 112080 155215 4
cc 44 26 0 112320 154845 2
cc 45 26 0 112560 154845 2
srcs 42
src 43 26 0 112080 154845 2
src 44 26 0 112320 154845 2
src 45 26 0 112560 154845 2
src 43 26 1 112080 154845 4
src 43 27 1 112080 155030 4
src 7 28 1 100800 155215 4
src 8 28 1 101040 155215 4
src 9 28 1 101280 155215 4
src 10 28 1 101520 155215 4
src 11 28 1 102000 155215 4
src 12 28 1 102240 155215 4
src 13 28 1 102480 155215 4
src 14 28 1 102960 155215 4
src 15 28 1 103200 155215 4
src 16 28 1 103440 155215 4
src 17 28 1 103920 155215 4
src 18 28 1 104160 155215 4
src 19 28 1 104400 155215 4
src 20 28 1 104880 155215 4
src 21 28 1 105120 155215 4
src 22 28 1 105360 155215 4
src 23 28 1 105840 155215 4
src 24 28 1 106080 155215 4
src 25 28 1 106320 155215 4
src 26 28 1 106800 155215 4
src 27 28 1 107040 155215 4
src 28 28 1 107280 155215 4
src 29 28 1 107760 155215 4
src 30 28 1 108000 155215 4
src 31 28 1 108240 155215 4
src 32 28 1 108720 155215 4
src 33 28 1 108960 155215 4
src 34 28 1 109200 155215 4
src 35 28 1 109680 155215 4
src 36 28 1 109920 155215 4
src 37 28 1 110160 155215 4
src 38 28 1 110640 155215 4
src 39 28 1 110880 155215 4
src 40 28 1 111120 155215 4
src 41 28 1 111600 155215 4
src 42 28 1 111840 155215 4
src 43 28 1 112080 155215 4
dsts 7
dst 117 40 0 135600 158175 2
dst 118 40 0 135840 158175 2
dst 119 40 0 136080 158175 2
dst 144 40 0 144240 158175 2
dst 145 40 0 144480 158175 2
dst 146 40 0 144720 158175 2
dst 147 10 2 145200 151200 6
path 6
p 117 40 0 135600 158175 2
p 117 40 1 135600 158175 4
p 116 40 1 135120 158175 4
p 116 31 1 135120 155955 4
p 43 31 1 112080 155955 4
p 43 28 1 112080 155215 4
