version 3
iter 1
routeBox 520800 814800 550200 844200
searchId 12
pin 
success 1
dim 194 158 10
centerPt 529340 844130
routeWithJumpers 0
ccBoxIn 57 132 0 58 135 0
ccBoxOut 57 132 0 60 136 1
connComps 6
cc 57 135 0 529150 844060 2
cc 57 132 0 529150 843920 2
cc 57 134 0 529150 844020 2
cc 57 133 0 529150 843990 2
cc 58 135 0 529340 844060 2
cc 58 132 0 529340 843920 2
srcs 6
src 57 132 0 529150 843920 2
src 58 132 0 529340 843920 2
src 57 133 0 529150 843990 2
src 57 134 0 529150 844020 2
src 57 135 0 529150 844060 2
src 58 135 0 529340 844060 2
dsts 1
dst 60 136 1 529530 844200 4
path 4
p 60 136 1 529530 844200 4
p 60 135 1 529530 844060 4
p 57 135 1 529150 844060 4
p 57 135 0 529150 844060 2
