version 1
iter 1
routeBox 0 136800 36000 187200
searchId 2
pin clk
success 1
dim 123 233 6
connComps 112
cc 114 88 1 36000 155215 4
cc 6 87 3 1440 155030 8
cc 7 87 3 1680 155030 8
cc 8 87 3 2160 155030 8
cc 8 87 2 2160 155030 6
cc 8 88 2 2160 155215 6
cc 8 88 1 2160 155215 4
cc 9 88 1 2400 155215 4
cc 10 88 1 2640 155215 4
cc 11 88 1 3120 155215 4
cc 12 88 1 3360 155215 4
cc 13 88 1 3600 155215 4
cc 14 88 1 4080 155215 4
cc 15 88 1 4320 155215 4
cc 16 88 1 4560 155215 4
cc 17 88 1 5040 155215 4
cc 18 88 1 5280 155215 4
cc 19 88 1 5520 155215 4
cc 20 88 1 6000 155215 4
cc 21 88 1 6240 155215 4
cc 22 88 1 6480 155215 4
cc 23 88 1 6960 155215 4
cc 24 88 1 7200 155215 4
cc 25 88 1 7440 155215 4
cc 26 88 1 7920 155215 4
cc 27 88 1 8160 155215 4
cc 28 88 1 8400 155215 4
cc 29 88 1 8880 155215 4
cc 30 88 1 9120 155215 4
cc 31 88 1 9360 155215 4
cc 32 88 1 9840 155215 4
cc 33 88 1 10080 155215 4
cc 34 88 1 10320 155215 4
cc 35 88 1 10800 155215 4
cc 36 88 1 11040 155215 4
cc 37 88 1 11280 155215 4
cc 38 88 1 11760 155215 4
cc 39 88 1 12000 155215 4
cc 40 88 1 12240 155215 4
cc 41 88 1 12720 155215 4
cc 42 88 1 12960 155215 4
cc 43 88 1 13200 155215 4
cc 44 88 1 13680 155215 4
cc 45 88 1 13920 155215 4
cc 46 88 1 14160 155215 4
cc 47 88 1 14640 155215 4
cc 48 88 1 14880 155215 4
cc 49 88 1 15120 155215 4
cc 50 88 1 15600 155215 4
cc 51 88 1 15840 155215 4
cc 52 88 1 16080 155215 4
cc 53 88 1 16560 155215 4
cc 54 88 1 16800 155215 4
cc 55 88 1 17040 155215 4
cc 56 88 1 17520 155215 4
cc 57 88 1 17760 155215 4
cc 58 88 1 18000 155215 4
cc 59 88 1 18480 155215 4
cc 60 88 1 18720 155215 4
cc 61 88 1 18960 155215 4
cc 62 88 1 19440 155215 4
cc 63 88 1 19680 155215 4
cc 64 88 1 19920 155215 4
cc 65 88 1 20400 155215 4
cc 66 88 1 20640 155215 4
cc 67 88 1 20880 155215 4
cc 68 88 1 21360 155215 4
cc 69 88 1 21600 155215 4
cc 70 88 1 21840 155215 4
cc 71 88 1 22320 155215 4
cc 72 88 1 22560 155215 4
cc 73 88 1 22800 155215 4
cc 74 88 1 23280 155215 4
cc 75 88 1 23520 155215 4
cc 76 88 1 23760 155215 4
cc 77 88 1 24240 155215 4
cc 78 88 1 24480 155215 4
cc 79 88 1 24720 155215 4
cc 80 88 1 25200 155215 4
cc 81 88 1 25440 155215 4
cc 82 88 1 25680 155215 4
cc 83 88 1 26160 155215 4
cc 84 88 1 26400 155215 4
cc 85 88 1 26640 155215 4
cc 86 88 1 27120 155215 4
cc 87 88 1 27360 155215 4
cc 88 88 1 27600 155215 4
cc 89 88 1 28080 155215 4
cc 90 88 1 28320 155215 4
cc 91 88 1 28560 155215 4
cc 92 88 1 29040 155215 4
cc 93 88 1 29280 155215 4
cc 94 88 1 29520 155215 4
cc 95 88 1 30000 155215 4
cc 96 88 1 30240 155215 4
cc 97 88 1 30480 155215 4
cc 98 88 1 30960 155215 4
cc 99 88 1 31200 155215 4
cc 100 88 1 31440 155215 4
cc 101 88 1 31920 155215 4
cc 102 88 1 32160 155215 4
cc 103 88 1 32400 155215 4
cc 104 88 1 32880 155215 4
cc 105 88 1 33120 155215 4
cc 106 88 1 33360 155215 4
cc 107 88 1 33840 155215 4
cc 108 88 1 34080 155215 4
cc 109 88 1 34320 155215 4
cc 110 88 1 34800 155215 4
cc 111 88 1 35040 155215 4
cc 112 88 1 35280 155215 4
cc 113 88 1 35760 155215 4
srcs 1
src 114 88 1 36000 155215 4
dsts 1
dst 6 87 3 1440 155030 8
path 6
p 6 87 3 1440 155030 8
p 8 87 3 2160 155030 8
p 8 87 2 2160 155030 6
p 8 88 2 2160 155215 6
p 8 88 1 2160 155215 4
p 114 88 1 36000 155215 4
