version 2
iter 0
routeBox 0 151200 50400 201600
searchId 0
pin clk
success 1
dim 167 232 6
centerPt 25920 155122
routeWithJumpers 0
ccBoxIn 159 27 1 159 27 1
ccBoxOut 6 26 1 159 27 3
connComps 157
cc 159 27 1 50400 155215 4
cc 6 26 3 1440 155030 8
cc 7 26 3 1680 155030 8
cc 7 26 2 1680 155030 6
cc 7 27 2 1680 155215 6
cc 7 27 1 1680 155215 4
cc 8 27 1 2160 155215 4
cc 9 27 1 2400 155215 4
cc 10 27 1 2640 155215 4
cc 11 27 1 3120 155215 4
cc 12 27 1 3360 155215 4
cc 13 27 1 3600 155215 4
cc 14 27 1 4080 155215 4
cc 15 27 1 4320 155215 4
cc 16 27 1 4560 155215 4
cc 17 27 1 5040 155215 4
cc 18 27 1 5280 155215 4
cc 19 27 1 5520 155215 4
cc 20 27 1 6000 155215 4
cc 21 27 1 6240 155215 4
cc 22 27 1 6480 155215 4
cc 23 27 1 6960 155215 4
cc 24 27 1 7200 155215 4
cc 25 27 1 7440 155215 4
cc 26 27 1 7920 155215 4
cc 27 27 1 8160 155215 4
cc 28 27 1 8400 155215 4
cc 29 27 1 8880 155215 4
cc 30 27 1 9120 155215 4
cc 31 27 1 9360 155215 4
cc 32 27 1 9840 155215 4
cc 33 27 1 10080 155215 4
cc 34 27 1 10320 155215 4
cc 35 27 1 10800 155215 4
cc 36 27 1 11040 155215 4
cc 37 27 1 11280 155215 4
cc 38 27 1 11760 155215 4
cc 39 27 1 12000 155215 4
cc 40 27 1 12240 155215 4
cc 41 27 1 12720 155215 4
cc 42 27 1 12960 155215 4
cc 43 27 1 13200 155215 4
cc 44 27 1 13680 155215 4
cc 45 27 1 13920 155215 4
cc 46 27 1 14160 155215 4
cc 47 27 1 14640 155215 4
cc 48 27 1 14880 155215 4
cc 49 27 1 15120 155215 4
cc 50 27 1 15600 155215 4
cc 51 27 1 15840 155215 4
cc 52 27 1 16080 155215 4
cc 53 27 1 16560 155215 4
cc 54 27 1 16800 155215 4
cc 55 27 1 17040 155215 4
cc 56 27 1 17520 155215 4
cc 57 27 1 17760 155215 4
cc 58 27 1 18000 155215 4
cc 59 27 1 18480 155215 4
cc 60 27 1 18720 155215 4
cc 61 27 1 18960 155215 4
cc 62 27 1 19440 155215 4
cc 63 27 1 19680 155215 4
cc 64 27 1 19920 155215 4
cc 65 27 1 20400 155215 4
cc 66 27 1 20640 155215 4
cc 67 27 1 20880 155215 4
cc 68 27 1 21360 155215 4
cc 69 27 1 21600 155215 4
cc 70 27 1 21840 155215 4
cc 71 27 1 22320 155215 4
cc 72 27 1 22560 155215 4
cc 73 27 1 22800 155215 4
cc 74 27 1 23280 155215 4
cc 75 27 1 23520 155215 4
cc 76 27 1 23760 155215 4
cc 77 27 1 24240 155215 4
cc 78 27 1 24480 155215 4
cc 79 27 1 24720 155215 4
cc 80 27 1 25200 155215 4
cc 81 27 1 25440 155215 4
cc 82 27 1 25680 155215 4
cc 83 27 1 26160 155215 4
cc 84 27 1 26400 155215 4
cc 85 27 1 26640 155215 4
cc 86 27 1 27120 155215 4
cc 87 27 1 27360 155215 4
cc 88 27 1 27600 155215 4
cc 89 27 1 28080 155215 4
cc 90 27 1 28320 155215 4
cc 91 27 1 28560 155215 4
cc 92 27 1 29040 155215 4
cc 93 27 1 29280 155215 4
cc 94 27 1 29520 155215 4
cc 95 27 1 30000 155215 4
cc 96 27 1 30240 155215 4
cc 97 27 1 30480 155215 4
cc 98 27 1 30960 155215 4
cc 99 27 1 31200 155215 4
cc 100 27 1 31440 155215 4
cc 101 27 1 31920 155215 4
cc 102 27 1 32160 155215 4
cc 103 27 1 32400 155215 4
cc 104 27 1 32880 155215 4
cc 105 27 1 33120 155215 4
cc 106 27 1 33360 155215 4
cc 107 27 1 33840 155215 4
cc 108 27 1 34080 155215 4
cc 109 27 1 34320 155215 4
cc 110 27 1 34800 155215 4
cc 111 27 1 35040 155215 4
cc 112 27 1 35280 155215 4
cc 113 27 1 35760 155215 4
cc 114 27 1 36000 155215 4
cc 115 27 1 36240 155215 4
cc 116 27 1 36720 155215 4
cc 117 27 1 36960 155215 4
cc 118 27 1 37200 155215 4
cc 119 27 1 37680 155215 4
cc 120 27 1 37920 155215 4
cc 121 27 1 38160 155215 4
cc 122 27 1 38640 155215 4
cc 123 27 1 38880 155215 4
cc 124 27 1 39120 155215 4
cc 125 27 1 39600 155215 4
cc 126 27 1 39840 155215 4
cc 127 27 1 40080 155215 4
cc 128 27 1 40560 155215 4
cc 129 27 1 40800 155215 4
cc 130 27 1 41040 155215 4
cc 131 27 1 41520 155215 4
cc 132 27 1 41760 155215 4
cc 133 27 1 42000 155215 4
cc 134 27 1 42480 155215 4
cc 135 27 1 42720 155215 4
cc 136 27 1 42960 155215 4
cc 137 27 1 43440 155215 4
cc 138 27 1 43680 155215 4
cc 139 27 1 43920 155215 4
cc 140 27 1 44400 155215 4
cc 141 27 1 44640 155215 4
cc 142 27 1 44880 155215 4
cc 143 27 1 45360 155215 4
cc 144 27 1 45600 155215 4
cc 145 27 1 45840 155215 4
cc 146 27 1 46320 155215 4
cc 147 27 1 46560 155215 4
cc 148 27 1 46800 155215 4
cc 149 27 1 47280 155215 4
cc 150 27 1 47520 155215 4
cc 151 27 1 47760 155215 4
cc 152 27 1 48240 155215 4
cc 153 27 1 48480 155215 4
cc 154 27 1 48720 155215 4
cc 155 27 1 49200 155215 4
cc 156 27 1 49440 155215 4
cc 157 27 1 49680 155215 4
cc 158 27 1 50160 155215 4
srcs 1
src 159 27 1 50400 155215 4
dsts 1
dst 6 26 3 1440 155030 8
path 6
p 6 26 3 1440 155030 8
p 7 26 3 1680 155030 8
p 7 26 2 1680 155030 6
p 7 27 2 1680 155215 6
p 7 27 1 1680 155215 4
p 159 27 1 50400 155215 4
