version 2
iter 1
routeBox 36000 136800 86400 187200
searchId 0
pin 
success 1
dim 175 233 6
centerPt 61200 155215
routeWithJumpers 0
ccBoxIn 166 88 1 166 88 1
ccBoxOut 8 88 1 166 88 1
connComps 159
cc 166 88 1 86400 155215 4
cc 8 88 1 36000 155215 4
cc 9 88 1 36240 155215 4
cc 10 88 1 36720 155215 4
cc 11 88 1 36960 155215 4
cc 12 88 1 37200 155215 4
cc 13 88 1 37680 155215 4
cc 14 88 1 37920 155215 4
cc 15 88 1 38160 155215 4
cc 16 88 1 38640 155215 4
cc 17 88 1 38880 155215 4
cc 18 88 1 39120 155215 4
cc 19 88 1 39600 155215 4
cc 20 88 1 39840 155215 4
cc 21 88 1 40080 155215 4
cc 22 88 1 40560 155215 4
cc 23 88 1 40800 155215 4
cc 24 88 1 41040 155215 4
cc 25 88 1 41520 155215 4
cc 26 88 1 41760 155215 4
cc 27 88 1 42000 155215 4
cc 28 88 1 42480 155215 4
cc 29 88 1 42720 155215 4
cc 30 88 1 42960 155215 4
cc 31 88 1 43440 155215 4
cc 32 88 1 43680 155215 4
cc 33 88 1 43920 155215 4
cc 34 88 1 44400 155215 4
cc 35 88 1 44640 155215 4
cc 36 88 1 44880 155215 4
cc 37 88 1 45360 155215 4
cc 38 88 1 45600 155215 4
cc 39 88 1 45840 155215 4
cc 40 88 1 46320 155215 4
cc 41 88 1 46560 155215 4
cc 42 88 1 46800 155215 4
cc 43 88 1 47280 155215 4
cc 44 88 1 47520 155215 4
cc 45 88 1 47760 155215 4
cc 46 88 1 48240 155215 4
cc 47 88 1 48480 155215 4
cc 48 88 1 48720 155215 4
cc 49 88 1 49200 155215 4
cc 50 88 1 49440 155215 4
cc 51 88 1 49680 155215 4
cc 52 88 1 50160 155215 4
cc 53 88 1 50400 155215 4
cc 54 88 1 50640 155215 4
cc 55 88 1 51120 155215 4
cc 56 88 1 51360 155215 4
cc 57 88 1 51600 155215 4
cc 58 88 1 52080 155215 4
cc 59 88 1 52320 155215 4
cc 60 88 1 52560 155215 4
cc 61 88 1 53040 155215 4
cc 62 88 1 53280 155215 4
cc 63 88 1 53520 155215 4
cc 64 88 1 54000 155215 4
cc 65 88 1 54240 155215 4
cc 66 88 1 54480 155215 4
cc 67 88 1 54960 155215 4
cc 68 88 1 55200 155215 4
cc 69 88 1 55440 155215 4
cc 70 88 1 55920 155215 4
cc 71 88 1 56160 155215 4
cc 72 88 1 56400 155215 4
cc 73 88 1 56880 155215 4
cc 74 88 1 57120 155215 4
cc 75 88 1 57360 155215 4
cc 76 88 1 57840 155215 4
cc 77 88 1 58080 155215 4
cc 78 88 1 58320 155215 4
cc 79 88 1 58800 155215 4
cc 80 88 1 59040 155215 4
cc 81 88 1 59280 155215 4
cc 82 88 1 59760 155215 4
cc 83 88 1 60000 155215 4
cc 84 88 1 60240 155215 4
cc 85 88 1 60720 155215 4
cc 86 88 1 60960 155215 4
cc 87 88 1 61200 155215 4
cc 88 88 1 61680 155215 4
cc 89 88 1 61920 155215 4
cc 90 88 1 62160 155215 4
cc 91 88 1 62640 155215 4
cc 92 88 1 62880 155215 4
cc 93 88 1 63120 155215 4
cc 94 88 1 63600 155215 4
cc 95 88 1 63840 155215 4
cc 96 88 1 64080 155215 4
cc 97 88 1 64560 155215 4
cc 98 88 1 64800 155215 4
cc 99 88 1 65040 155215 4
cc 100 88 1 65520 155215 4
cc 101 88 1 65760 155215 4
cc 102 88 1 66000 155215 4
cc 103 88 1 66480 155215 4
cc 104 88 1 66720 155215 4
cc 105 88 1 66960 155215 4
cc 106 88 1 67440 155215 4
cc 107 88 1 67680 155215 4
cc 108 88 1 67920 155215 4
cc 109 88 1 68400 155215 4
cc 110 88 1 68640 155215 4
cc 111 88 1 68880 155215 4
cc 112 88 1 69360 155215 4
cc 113 88 1 69600 155215 4
cc 114 88 1 69840 155215 4
cc 115 88 1 70320 155215 4
cc 116 88 1 70560 155215 4
cc 117 88 1 70800 155215 4
cc 118 88 1 71280 155215 4
cc 119 88 1 71520 155215 4
cc 120 88 1 71760 155215 4
cc 121 88 1 72240 155215 4
cc 122 88 1 72480 155215 4
cc 123 88 1 72720 155215 4
cc 124 88 1 73200 155215 4
cc 125 88 1 73440 155215 4
cc 126 88 1 73680 155215 4
cc 127 88 1 74160 155215 4
cc 128 88 1 74400 155215 4
cc 129 88 1 74640 155215 4
cc 130 88 1 75120 155215 4
cc 131 88 1 75360 155215 4
cc 132 88 1 75600 155215 4
cc 133 88 1 76080 155215 4
cc 134 88 1 76320 155215 4
cc 135 88 1 76560 155215 4
cc 136 88 1 77040 155215 4
cc 137 88 1 77280 155215 4
cc 138 88 1 77520 155215 4
cc 139 88 1 78000 155215 4
cc 140 88 1 78240 155215 4
cc 141 88 1 78480 155215 4
cc 142 88 1 78960 155215 4
cc 143 88 1 79200 155215 4
cc 144 88 1 79440 155215 4
cc 145 88 1 79920 155215 4
cc 146 88 1 80160 155215 4
cc 147 88 1 80400 155215 4
cc 148 88 1 80880 155215 4
cc 149 88 1 81120 155215 4
cc 150 88 1 81360 155215 4
cc 151 88 1 81840 155215 4
cc 152 88 1 82080 155215 4
cc 153 88 1 82320 155215 4
cc 154 88 1 82800 155215 4
cc 155 88 1 83040 155215 4
cc 156 88 1 83280 155215 4
cc 157 88 1 83760 155215 4
cc 158 88 1 84000 155215 4
cc 159 88 1 84240 155215 4
cc 160 88 1 84720 155215 4
cc 161 88 1 84960 155215 4
cc 162 88 1 85200 155215 4
cc 163 88 1 85680 155215 4
cc 164 88 1 85920 155215 4
cc 165 88 1 86160 155215 4
srcs 1
src 166 88 1 86400 155215 4
dsts 1
dst 8 88 1 36000 155215 4
path 2
p 8 88 1 36000 155215 4
p 166 88 1 86400 155215 4
