version 1
iter 1
routeBox 136800 136800 187200 187200
searchId 0
pin clkbuf_2_3__f_clk/A
success 1
dim 174 233 6
connComps 64
cc 34 44 0 145200 144855 2
cc 36 44 0 145680 144855 2
cc 35 44 0 145440 144855 2
cc 33 100 0 144720 158175 2
cc 33 100 1 144720 158175 4
cc 34 100 1 145200 158175 4
cc 34 100 2 145200 158175 6
cc 34 99 2 145200 157990 6
cc 34 98 2 145200 157805 6
cc 34 97 2 145200 157435 6
cc 34 96 2 145200 157250 6
cc 34 95 2 145200 157065 6
cc 34 94 2 145200 156695 6
cc 34 93 2 145200 156510 6
cc 34 92 2 145200 156325 6
cc 34 91 2 145200 155955 6
cc 34 90 2 145200 155770 6
cc 34 89 2 145200 155585 6
cc 34 88 2 145200 155215 6
cc 34 87 2 145200 155030 6
cc 34 86 2 145200 154845 6
cc 34 85 2 145200 154475 6
cc 34 84 2 145200 154290 6
cc 34 83 2 145200 154105 6
cc 34 82 2 145200 153735 6
cc 34 81 2 145200 153550 6
cc 34 80 2 145200 153365 6
cc 34 79 2 145200 152995 6
cc 34 78 2 145200 152810 6
cc 34 77 2 145200 152625 6
cc 34 76 2 145200 152255 6
cc 34 75 2 145200 152070 6
cc 34 74 2 145200 151885 6
cc 34 73 2 145200 151700 6
cc 34 72 2 145200 151515 6
cc 34 71 2 145200 151330 6
cc 34 70 2 145200 151145 6
cc 34 69 2 145200 150775 6
cc 34 68 2 145200 150590 6
cc 34 67 2 145200 150405 6
cc 34 66 2 145200 150035 6
cc 34 65 2 145200 149850 6
cc 34 64 2 145200 149665 6
cc 34 63 2 145200 149295 6
cc 34 62 2 145200 149110 6
cc 34 61 2 145200 148925 6
cc 34 60 2 145200 148555 6
cc 34 59 2 145200 148370 6
cc 34 58 2 145200 148185 6
cc 34 57 2 145200 147815 6
cc 34 56 2 145200 147630 6
cc 34 55 2 145200 147445 6
cc 34 54 2 145200 147075 6
cc 34 53 2 145200 146890 6
cc 34 52 2 145200 146705 6
cc 34 51 2 145200 146335 6
cc 34 50 2 145200 146150 6
cc 34 49 2 145200 145965 6
cc 34 48 2 145200 145595 6
cc 34 47 2 145200 145410 6
cc 34 46 2 145200 145225 6
cc 34 45 2 145200 145040 6
cc 34 44 2 145200 144855 6
cc 34 44 1 145200 144855 4
srcs 3
src 34 44 0 145200 144855 2
src 35 44 0 145440 144855 2
src 36 44 0 145680 144855 2
dsts 4
dst 31 100 0 144240 158175 2
dst 32 100 0 144480 158175 2
dst 33 100 0 144720 158175 2
dst 8 100 1 136800 158175 4
path 6
p 33 100 0 144720 158175 2
p 33 100 1 144720 158175 4
p 34 100 1 145200 158175 4
p 34 100 2 145200 158175 6
p 34 44 2 145200 144855 6
p 34 44 0 145200 144855 2
