version 2
iter 0
routeBox 100800 100800 151200 151200
searchId 0
pin 
success 1
dim 173 232 6
centerPt 145200 148027
routeWithJumpers 0
ccBoxIn 146 194 0 148 194 0
ccBoxOut 146 194 0 148 221 2
connComps 32
cc 146 194 0 145200 144855 2
cc 148 194 0 145680 144855 2
cc 147 194 0 145440 144855 2
cc 146 221 2 145200 151200 6
cc 146 220 2 145200 151145 6
cc 146 219 2 145200 150775 6
cc 146 218 2 145200 150590 6
cc 146 217 2 145200 150405 6
cc 146 216 2 145200 150035 6
cc 146 215 2 145200 149850 6
cc 146 214 2 145200 149665 6
cc 146 213 2 145200 149295 6
cc 146 212 2 145200 149110 6
cc 146 211 2 145200 148925 6
cc 146 210 2 145200 148555 6
cc 146 209 2 145200 148370 6
cc 146 208 2 145200 148185 6
cc 146 207 2 145200 147815 6
cc 146 206 2 145200 147630 6
cc 146 205 2 145200 147445 6
cc 146 204 2 145200 147075 6
cc 146 203 2 145200 146890 6
cc 146 202 2 145200 146705 6
cc 146 201 2 145200 146335 6
cc 146 200 2 145200 146150 6
cc 146 199 2 145200 145965 6
cc 146 198 2 145200 145595 6
cc 146 197 2 145200 145410 6
cc 146 196 2 145200 145225 6
cc 146 195 2 145200 145040 6
cc 146 194 2 145200 144855 6
cc 146 194 1 145200 144855 4
srcs 3
src 146 194 0 145200 144855 2
src 147 194 0 145440 144855 2
src 148 194 0 145680 144855 2
dsts 1
dst 146 221 2 145200 151200 6
path 3
p 146 221 2 145200 151200 6
p 146 194 2 145200 144855 6
p 146 194 0 145200 144855 2
