version 1
iter 0
routeBox 100800 151200 151200 201600
searchId 1
pin clkbuf_0_clk/A
success 1
dim 174 233 6
connComps 168
cc 7 28 1 100800 155215 4
cc 43 26 0 112080 154845 2
cc 43 26 1 112080 154845 4
cc 43 27 1 112080 155030 4
cc 43 28 1 112080 155215 4
cc 42 28 1 111840 155215 4
cc 41 28 1 111600 155215 4
cc 40 28 1 111120 155215 4
cc 39 28 1 110880 155215 4
cc 38 28 1 110640 155215 4
cc 37 28 1 110160 155215 4
cc 36 28 1 109920 155215 4
cc 35 28 1 109680 155215 4
cc 34 28 1 109200 155215 4
cc 33 28 1 108960 155215 4
cc 32 28 1 108720 155215 4
cc 31 28 1 108240 155215 4
cc 30 28 1 108000 155215 4
cc 29 28 1 107760 155215 4
cc 28 28 1 107280 155215 4
cc 27 28 1 107040 155215 4
cc 26 28 1 106800 155215 4
cc 25 28 1 106320 155215 4
cc 24 28 1 106080 155215 4
cc 23 28 1 105840 155215 4
cc 22 28 1 105360 155215 4
cc 21 28 1 105120 155215 4
cc 20 28 1 104880 155215 4
cc 19 28 1 104400 155215 4
cc 18 28 1 104160 155215 4
cc 17 28 1 103920 155215 4
cc 16 28 1 103440 155215 4
cc 15 28 1 103200 155215 4
cc 14 28 1 102960 155215 4
cc 13 28 1 102480 155215 4
cc 12 28 1 102240 155215 4
cc 11 28 1 102000 155215 4
cc 10 28 1 101520 155215 4
cc 9 28 1 101280 155215 4
cc 8 28 1 101040 155215 4
cc 7 28 1 100800 155215 4
cc 8 28 1 101040 155215 4
cc 9 28 1 101280 155215 4
cc 10 28 1 101520 155215 4
cc 11 28 1 102000 155215 4
cc 12 28 1 102240 155215 4
cc 13 28 1 102480 155215 4
cc 14 28 1 102960 155215 4
cc 15 28 1 103200 155215 4
cc 16 28 1 103440 155215 4
cc 17 28 1 103920 155215 4
cc 18 28 1 104160 155215 4
cc 19 28 1 104400 155215 4
cc 20 28 1 104880 155215 4
cc 21 28 1 105120 155215 4
cc 22 28 1 105360 155215 4
cc 23 28 1 105840 155215 4
cc 24 28 1 106080 155215 4
cc 25 28 1 106320 155215 4
cc 26 28 1 106800 155215 4
cc 27 28 1 107040 155215 4
cc 28 28 1 107280 155215 4
cc 29 28 1 107760 155215 4
cc 30 28 1 108000 155215 4
cc 31 28 1 108240 155215 4
cc 32 28 1 108720 155215 4
cc 33 28 1 108960 155215 4
cc 34 28 1 109200 155215 4
cc 35 28 1 109680 155215 4
cc 36 28 1 109920 155215 4
cc 37 28 1 110160 155215 4
cc 38 28 1 110640 155215 4
cc 39 28 1 110880 155215 4
cc 40 28 1 111120 155215 4
cc 41 28 1 111600 155215 4
cc 42 28 1 111840 155215 4
cc 43 26 1 112080 154845 4
cc 43 27 1 112080 155030 4
cc 43 28 1 112080 155215 4
cc 44 26 0 112320 154845 2
cc 45 26 0 112560 154845 2
cc 117 40 0 135600 158175 2
cc 117 40 1 135600 158175 4
cc 116 40 1 135120 158175 4
cc 116 39 1 135120 157990 4
cc 116 38 1 135120 157805 4
cc 116 37 1 135120 157435 4
cc 116 36 1 135120 157250 4
cc 116 35 1 135120 157065 4
cc 116 34 1 135120 156695 4
cc 116 33 1 135120 156510 4
cc 116 32 1 135120 156325 4
cc 116 31 1 135120 155955 4
cc 115 31 1 134880 155955 4
cc 114 31 1 134640 155955 4
cc 113 31 1 134160 155955 4
cc 112 31 1 133920 155955 4
cc 111 31 1 133680 155955 4
cc 110 31 1 133200 155955 4
cc 109 31 1 132960 155955 4
cc 108 31 1 132720 155955 4
cc 107 31 1 132240 155955 4
cc 106 31 1 132000 155955 4
cc 105 31 1 131760 155955 4
cc 104 31 1 131280 155955 4
cc 103 31 1 131040 155955 4
cc 102 31 1 130800 155955 4
cc 101 31 1 130320 155955 4
cc 100 31 1 130080 155955 4
cc 99 31 1 129840 155955 4
cc 98 31 1 129360 155955 4
cc 97 31 1 129120 155955 4
cc 96 31 1 128880 155955 4
cc 95 31 1 128400 155955 4
cc 94 31 1 128160 155955 4
cc 93 31 1 127920 155955 4
cc 92 31 1 127440 155955 4
cc 91 31 1 127200 155955 4
cc 90 31 1 126960 155955 4
cc 89 31 1 126480 155955 4
cc 88 31 1 126240 155955 4
cc 87 31 1 126000 155955 4
cc 86 31 1 125520 155955 4
cc 85 31 1 125280 155955 4
cc 84 31 1 125040 155955 4
cc 83 31 1 124560 155955 4
cc 82 31 1 124320 155955 4
cc 81 31 1 124080 155955 4
cc 80 31 1 123600 155955 4
cc 79 31 1 123360 155955 4
cc 78 31 1 123120 155955 4
cc 77 31 1 122640 155955 4
cc 76 31 1 122400 155955 4
cc 75 31 1 122160 155955 4
cc 74 31 1 121680 155955 4
cc 73 31 1 121440 155955 4
cc 72 31 1 121200 155955 4
cc 71 31 1 120720 155955 4
cc 70 31 1 120480 155955 4
cc 69 31 1 120240 155955 4
cc 68 31 1 119760 155955 4
cc 67 31 1 119520 155955 4
cc 66 31 1 119280 155955 4
cc 65 31 1 118800 155955 4
cc 64 31 1 118560 155955 4
cc 63 31 1 118320 155955 4
cc 62 31 1 117840 155955 4
cc 61 31 1 117600 155955 4
cc 60 31 1 117360 155955 4
cc 59 31 1 116880 155955 4
cc 58 31 1 116640 155955 4
cc 57 31 1 116400 155955 4
cc 56 31 1 115920 155955 4
cc 55 31 1 115680 155955 4
cc 54 31 1 115440 155955 4
cc 53 31 1 114960 155955 4
cc 52 31 1 114720 155955 4
cc 51 31 1 114480 155955 4
cc 50 31 1 114000 155955 4
cc 49 31 1 113760 155955 4
cc 48 31 1 113520 155955 4
cc 47 31 1 113040 155955 4
cc 46 31 1 112800 155955 4
cc 45 31 1 112560 155955 4
cc 44 31 1 112320 155955 4
cc 43 31 1 112080 155955 4
cc 43 30 1 112080 155770 4
cc 43 29 1 112080 155585 4
srcs 42
src 43 26 0 112080 154845 2
src 44 26 0 112320 154845 2
src 45 26 0 112560 154845 2
src 43 26 1 112080 154845 4
src 43 27 1 112080 155030 4
src 7 28 1 100800 155215 4
src 8 28 1 101040 155215 4
src 9 28 1 101280 155215 4
src 10 28 1 101520 155215 4
src 11 28 1 102000 155215 4
src 12 28 1 102240 155215 4
src 13 28 1 102480 155215 4
src 14 28 1 102960 155215 4
src 15 28 1 103200 155215 4
src 16 28 1 103440 155215 4
src 17 28 1 103920 155215 4
src 18 28 1 104160 155215 4
src 19 28 1 104400 155215 4
src 20 28 1 104880 155215 4
src 21 28 1 105120 155215 4
src 22 28 1 105360 155215 4
src 23 28 1 105840 155215 4
src 24 28 1 106080 155215 4
src 25 28 1 106320 155215 4
src 26 28 1 106800 155215 4
src 27 28 1 107040 155215 4
src 28 28 1 107280 155215 4
src 29 28 1 107760 155215 4
src 30 28 1 108000 155215 4
src 31 28 1 108240 155215 4
src 32 28 1 108720 155215 4
src 33 28 1 108960 155215 4
src 34 28 1 109200 155215 4
src 35 28 1 109680 155215 4
src 36 28 1 109920 155215 4
src 37 28 1 110160 155215 4
src 38 28 1 110640 155215 4
src 39 28 1 110880 155215 4
src 40 28 1 111120 155215 4
src 41 28 1 111600 155215 4
src 42 28 1 111840 155215 4
src 43 28 1 112080 155215 4
dsts 7
dst 117 40 0 135600 158175 2
dst 118 40 0 135840 158175 2
dst 119 40 0 136080 158175 2
dst 144 40 0 144240 158175 2
dst 145 40 0 144480 158175 2
dst 146 40 0 144720 158175 2
dst 147 10 2 145200 151200 6
path 6
p 117 40 0 135600 158175 2
p 117 40 1 135600 158175 4
p 116 40 1 135120 158175 4
p 116 31 1 135120 155955 4
p 43 31 1 112080 155955 4
p 43 28 1 112080 155215 4
