version 1
iter 0
routeBox 50400 151200 100800 201600
searchId 0
pin 
success 1
dim 175 232 6
connComps 159
cc 166 27 1 100800 155215 4
cc 8 27 1 50400 155215 4
cc 9 27 1 50640 155215 4
cc 10 27 1 51120 155215 4
cc 11 27 1 51360 155215 4
cc 12 27 1 51600 155215 4
cc 13 27 1 52080 155215 4
cc 14 27 1 52320 155215 4
cc 15 27 1 52560 155215 4
cc 16 27 1 53040 155215 4
cc 17 27 1 53280 155215 4
cc 18 27 1 53520 155215 4
cc 19 27 1 54000 155215 4
cc 20 27 1 54240 155215 4
cc 21 27 1 54480 155215 4
cc 22 27 1 54960 155215 4
cc 23 27 1 55200 155215 4
cc 24 27 1 55440 155215 4
cc 25 27 1 55920 155215 4
cc 26 27 1 56160 155215 4
cc 27 27 1 56400 155215 4
cc 28 27 1 56880 155215 4
cc 29 27 1 57120 155215 4
cc 30 27 1 57360 155215 4
cc 31 27 1 57840 155215 4
cc 32 27 1 58080 155215 4
cc 33 27 1 58320 155215 4
cc 34 27 1 58800 155215 4
cc 35 27 1 59040 155215 4
cc 36 27 1 59280 155215 4
cc 37 27 1 59760 155215 4
cc 38 27 1 60000 155215 4
cc 39 27 1 60240 155215 4
cc 40 27 1 60720 155215 4
cc 41 27 1 60960 155215 4
cc 42 27 1 61200 155215 4
cc 43 27 1 61680 155215 4
cc 44 27 1 61920 155215 4
cc 45 27 1 62160 155215 4
cc 46 27 1 62640 155215 4
cc 47 27 1 62880 155215 4
cc 48 27 1 63120 155215 4
cc 49 27 1 63600 155215 4
cc 50 27 1 63840 155215 4
cc 51 27 1 64080 155215 4
cc 52 27 1 64560 155215 4
cc 53 27 1 64800 155215 4
cc 54 27 1 65040 155215 4
cc 55 27 1 65520 155215 4
cc 56 27 1 65760 155215 4
cc 57 27 1 66000 155215 4
cc 58 27 1 66480 155215 4
cc 59 27 1 66720 155215 4
cc 60 27 1 66960 155215 4
cc 61 27 1 67440 155215 4
cc 62 27 1 67680 155215 4
cc 63 27 1 67920 155215 4
cc 64 27 1 68400 155215 4
cc 65 27 1 68640 155215 4
cc 66 27 1 68880 155215 4
cc 67 27 1 69360 155215 4
cc 68 27 1 69600 155215 4
cc 69 27 1 69840 155215 4
cc 70 27 1 70320 155215 4
cc 71 27 1 70560 155215 4
cc 72 27 1 70800 155215 4
cc 73 27 1 71280 155215 4
cc 74 27 1 71520 155215 4
cc 75 27 1 71760 155215 4
cc 76 27 1 72240 155215 4
cc 77 27 1 72480 155215 4
cc 78 27 1 72720 155215 4
cc 79 27 1 73200 155215 4
cc 80 27 1 73440 155215 4
cc 81 27 1 73680 155215 4
cc 82 27 1 74160 155215 4
cc 83 27 1 74400 155215 4
cc 84 27 1 74640 155215 4
cc 85 27 1 75120 155215 4
cc 86 27 1 75360 155215 4
cc 87 27 1 75600 155215 4
cc 88 27 1 76080 155215 4
cc 89 27 1 76320 155215 4
cc 90 27 1 76560 155215 4
cc 91 27 1 77040 155215 4
cc 92 27 1 77280 155215 4
cc 93 27 1 77520 155215 4
cc 94 27 1 78000 155215 4
cc 95 27 1 78240 155215 4
cc 96 27 1 78480 155215 4
cc 97 27 1 78960 155215 4
cc 98 27 1 79200 155215 4
cc 99 27 1 79440 155215 4
cc 100 27 1 79920 155215 4
cc 101 27 1 80160 155215 4
cc 102 27 1 80400 155215 4
cc 103 27 1 80880 155215 4
cc 104 27 1 81120 155215 4
cc 105 27 1 81360 155215 4
cc 106 27 1 81840 155215 4
cc 107 27 1 82080 155215 4
cc 108 27 1 82320 155215 4
cc 109 27 1 82800 155215 4
cc 110 27 1 83040 155215 4
cc 111 27 1 83280 155215 4
cc 112 27 1 83760 155215 4
cc 113 27 1 84000 155215 4
cc 114 27 1 84240 155215 4
cc 115 27 1 84720 155215 4
cc 116 27 1 84960 155215 4
cc 117 27 1 85200 155215 4
cc 118 27 1 85680 155215 4
cc 119 27 1 85920 155215 4
cc 120 27 1 86160 155215 4
cc 121 27 1 86640 155215 4
cc 122 27 1 86880 155215 4
cc 123 27 1 87120 155215 4
cc 124 27 1 87600 155215 4
cc 125 27 1 87840 155215 4
cc 126 27 1 88080 155215 4
cc 127 27 1 88560 155215 4
cc 128 27 1 88800 155215 4
cc 129 27 1 89040 155215 4
cc 130 27 1 89520 155215 4
cc 131 27 1 89760 155215 4
cc 132 27 1 90000 155215 4
cc 133 27 1 90480 155215 4
cc 134 27 1 90720 155215 4
cc 135 27 1 90960 155215 4
cc 136 27 1 91440 155215 4
cc 137 27 1 91680 155215 4
cc 138 27 1 91920 155215 4
cc 139 27 1 92400 155215 4
cc 140 27 1 92640 155215 4
cc 141 27 1 92880 155215 4
cc 142 27 1 93360 155215 4
cc 143 27 1 93600 155215 4
cc 144 27 1 93840 155215 4
cc 145 27 1 94320 155215 4
cc 146 27 1 94560 155215 4
cc 147 27 1 94800 155215 4
cc 148 27 1 95280 155215 4
cc 149 27 1 95520 155215 4
cc 150 27 1 95760 155215 4
cc 151 27 1 96240 155215 4
cc 152 27 1 96480 155215 4
cc 153 27 1 96720 155215 4
cc 154 27 1 97200 155215 4
cc 155 27 1 97440 155215 4
cc 156 27 1 97680 155215 4
cc 157 27 1 98160 155215 4
cc 158 27 1 98400 155215 4
cc 159 27 1 98640 155215 4
cc 160 27 1 99120 155215 4
cc 161 27 1 99360 155215 4
cc 162 27 1 99600 155215 4
cc 163 27 1 100080 155215 4
cc 164 27 1 100320 155215 4
cc 165 27 1 100560 155215 4
srcs 1
src 166 27 1 100800 155215 4
dsts 1
dst 8 27 1 50400 155215 4
path 2
p 8 27 1 50400 155215 4
p 166 27 1 100800 155215 4
