version 3
iter 3
routeBox 882000 764400 911400 793800
searchId 0
pin 
success 1
dim 304 253 10
centerPt 886730 786870
routeWithJumpers 0
ccBoxIn 81 131 0 83 134 0
ccBoxOut 80 131 0 83 209 3
connComps 11
cc 81 131 0 886730 779940 2
cc 81 134 0 886730 780080 2
cc 81 132 0 886730 779970 2
cc 81 133 0 886730 780010 2
cc 82 131 0 886740 779940 2
cc 82 134 0 886740 780080 2
cc 82 132 0 886740 779970 2
cc 82 133 0 886740 780010 2
cc 83 131 0 886760 779940 2
cc 83 132 0 886760 779970 2
cc 83 133 0 886760 780010 2
srcs 11
src 81 131 0 886730 779940 2
src 82 131 0 886740 779940 2
src 83 131 0 886760 779940 2
src 81 132 0 886730 779970 2
src 82 132 0 886740 779970 2
src 83 132 0 886760 779970 2
src 81 133 0 886730 780010 2
src 82 133 0 886740 780010 2
src 83 133 0 886760 780010 2
src 81 134 0 886730 780080 2
src 82 134 0 886740 780080 2
dsts 1
dst 81 209 1 886730 793800 4
path 11
p 81 209 1 886730 793800 4
p 81 207 1 886730 793660 4
p 81 207 2 886730 793660 6
p 80 207 2 886670 793660 6
p 80 207 3 886670 793660 8
p 80 137 3 886670 780780 8
p 80 137 2 886670 780780 6
p 81 137 2 886730 780780 6
p 81 137 1 886730 780780 4
p 81 131 1 886730 779940 4
p 81 131 0 886730 779940 2
